[x min]=fminbnd (@(x)3*x.^3 + 9*x.^2 +28,-2,0) 
x = -4.8379e-05 
min = 28.000